0                     3.462750323e+19 1.054659115e+11 1.054659115e+11 1.054659115e+11 1.054659115e+11 1.054659115e+11 1.020031605e+21
0.0050001091631282297 3.521382542e+19 1.906902309e+17 9.139978522e+13 1.153764695e+14 1.913186393e+14 3.522167282e+14 1.098851723e+21
0.0100000525549997    3.502643069e+19 4.502305798e+17 2.393182951e+14 3.180932631e+14 6.094921517e+14 2.520399731e+15 1.186746632e+21
0.0150000527966284    3.464838429e+19 8.012555421e+17 5.007272379e+14 6.474424039e+14 1.241866721e+15 8.221713357e+15 1.278316788e+21
0.0200000300151972    3.432407768e+19 1.212443859e+18 9.533269775e+14 1.32547131e+15  2.376854882e+15 2.018089156e+16 1.37575301e+21
0.0250000537869202    3.389329401e+19 1.632262872e+18 1.448317439e+15 2.230957234e+15 4.432569301e+15 4.444736661e+16 1.473835308e+21
0.030000051033306399  3.347486561e+19 2.038385441e+18 1.895913142e+15 2.961234677e+15 6.739530275e+15 8.992462804e+16 1.575620427e+21
0.035000211551787598  3.302426914e+19 2.429759343e+18 2.306256862e+15 3.378877853e+15 8.578973992e+15 1.655203475e+17 1.680186342e+21
0.040000050435052802  3.253790487e+19 2.821023462e+18 2.737424742e+15 3.61505977e+15  9.611718899e+15 2.814842602e+17 1.791965739e+21
0.0450001070838323    3.210041645e+19 3.234232567e+18 3.229509729e+15 3.937873303e+15 1.039624845e+16 4.520073623e+17 1.90435085e+21
